~Unnamed: 0~Unnamed: 0.1~Forwarded~Agent
0~0~0~128.0.0.0/2~Linux
1~8~8~64.0.0.0/2~Windows
2~17~17~128.0.0.0/2~Linux
3~22~22~128.0.0.0/2~Mac
4~32~32~192.0.0.0/2~Windows
5~42~42~192.0.0.0/2~Linux
6~49~49~192.0.0.0/2~Windows
7~56~56~192.0.0.0/2~Linux
8~62~62~192.0.0.0/2~Mac
9~68~68~0.0.0.0/2~Mac
10~75~75~64.0.0.0/2~Linux
11~82~82~192.0.0.0/2~Mac
12~88~88~128.0.0.0/2~Linux
13~95~95~128.0.0.0/2~Windows
14~104~104~64.0.0.0/2~Other
15~112~112~192.0.0.0/2~Linux
16~121~121~0.0.0.0/2~Linux
17~131~131~192.0.0.0/2~Windows Phone
18~136~136~64.0.0.0/2~Windows
19~144~144~64.0.0.0/2~Android
20~154~154~64.0.0.0/2~Windows
21~162~162~64.0.0.0/2~Other
22~171~171~192.0.0.0/2~Windows
23~178~178~64.0.0.0/2~Linux
24~185~185~128.0.0.0/2~Linux
25~193~193~192.0.0.0/2~Linux
26~198~198~192.0.0.0/2~Windows
27~208~208~64.0.0.0/2~Windows
28~215~215~192.0.0.0/2~Android
29~225~225~64.0.0.0/2~Linux
30~232~232~64.0.0.0/2~Linux
31~237~237~64.0.0.0/2~Linux
32~242~242~0.0.0.0/2~Android
33~250~250~64.0.0.0/2~Linux
34~257~257~128.0.0.0/2~Windows
35~266~266~64.0.0.0/2~Windows Phone
36~273~273~0.0.0.0/2~Linux
37~280~280~192.0.0.0/2~Linux
38~290~290~64.0.0.0/2~Windows
39~297~297~64.0.0.0/2~Windows
40~302~302~128.0.0.0/2~Linux
41~311~311~128.0.0.0/2~Mac
42~319~319~192.0.0.0/2~Windows
43~326~326~128.0.0.0/2~Windows
44~332~332~64.0.0.0/2~Windows
45~341~341~64.0.0.0/2~Linux
46~351~351~64.0.0.0/2~Android
47~357~357~192.0.0.0/2~Other
48~363~363~64.0.0.0/2~Windows
49~371~371~64.0.0.0/2~Windows
50~376~376~128.0.0.0/2~Windows
51~382~382~192.0.0.0/2~Windows Phone
52~392~392~64.0.0.0/2~Windows
53~399~399~192.0.0.0/2~Linux
54~409~409~0.0.0.0/2~Windows
55~414~414~64.0.0.0/2~Windows
56~420~420~64.0.0.0/2~Other
57~429~429~128.0.0.0/2~Other
58~439~439~192.0.0.0/2~Other
59~444~444~64.0.0.0/2~Linux
60~452~452~0.0.0.0/2~Windows
61~459~459~64.0.0.0/2~Linux
62~464~464~128.0.0.0/2~Windows
63~474~474~192.0.0.0/2~Windows
64~482~482~128.0.0.0/2~Linux
65~489~489~64.0.0.0/2~Linux
66~497~506~64.0.0.0/2~Linux
67~502~511~64.0.0.0/2~Other
68~510~519~128.0.0.0/2~Mac
69~519~528~0.0.0.0/2~Windows
70~529~538~0.0.0.0/2~Linux
71~536~545~128.0.0.0/2~Windows
72~541~550~192.0.0.0/2~Linux
73~548~567~128.0.0.0/2~Linux
74~556~575~0.0.0.0/2~Windows
75~565~584~192.0.0.0/2~Linux
76~570~589~128.0.0.0/2~Mac
77~580~599~192.0.0.0/2~Windows
78~590~609~128.0.0.0/2~Linux
79~597~616~192.0.0.0/2~Windows
80~604~623~192.0.0.0/2~Linux
81~610~629~128.0.0.0/2~Mac
82~616~635~192.0.0.0/2~Mac
83~623~642~192.0.0.0/2~Linux
84~630~649~0.0.0.0/2~Mac
85~636~655~192.0.0.0/2~Linux
86~643~662~128.0.0.0/2~Windows
87~652~671~0.0.0.0/2~Other
88~660~679~192.0.0.0/2~Linux
89~669~688~128.0.0.0/2~Linux
90~679~698~192.0.0.0/2~Windows Phone
91~684~703~192.0.0.0/2~Windows
92~692~711~64.0.0.0/2~Android
93~702~721~0.0.0.0/2~Windows
94~710~729~64.0.0.0/2~Other
95~719~738~128.0.0.0/2~Windows
96~726~745~0.0.0.0/2~Linux
97~733~752~0.0.0.0/2~Linux
98~741~760~0.0.0.0/2~Linux
99~746~765~128.0.0.0/2~Windows
100~756~775~64.0.0.0/2~Windows
101~763~782~0.0.0.0/2~Android
102~773~792~64.0.0.0/2~Linux
103~780~799~64.0.0.0/2~Linux
104~785~804~64.0.0.0/2~Linux
105~790~809~64.0.0.0/2~Android
106~798~817~0.0.0.0/2~Linux
107~805~824~192.0.0.0/2~Windows
108~814~833~192.0.0.0/2~Windows Phone
109~821~840~0.0.0.0/2~Linux
110~828~847~128.0.0.0/2~Linux
111~838~857~64.0.0.0/2~Windows
112~845~864~64.0.0.0/2~Windows
113~850~869~128.0.0.0/2~Linux
114~859~878~192.0.0.0/2~Mac
115~867~886~192.0.0.0/2~Windows
116~874~893~192.0.0.0/2~Windows
117~880~899~64.0.0.0/2~Windows
118~889~908~64.0.0.0/2~Linux
119~899~918~0.0.0.0/2~Android
120~905~924~0.0.0.0/2~Other
121~911~930~192.0.0.0/2~Windows
122~919~938~64.0.0.0/2~Windows
123~924~943~192.0.0.0/2~Windows
124~930~949~0.0.0.0/2~Windows Phone
125~940~959~128.0.0.0/2~Windows
126~947~966~192.0.0.0/2~Linux
127~957~976~192.0.0.0/2~Windows
128~962~981~64.0.0.0/2~Windows
129~968~987~0.0.0.0/2~Other
130~977~996~128.0.0.0/2~Other
131~987~1006~192.0.0.0/2~Other
132~992~1011~64.0.0.0/2~Linux
133~1000~1019~0.0.0.0/2~Windows
134~1007~1026~64.0.0.0/2~Linux
135~1012~1031~192.0.0.0/2~Windows
136~1022~1041~128.0.0.0/2~Windows
137~1030~1049~192.0.0.0/2~Linux
138~1037~1056~0.0.0.0/2~Linux
139~1045~1073~192.0.0.0/2~Linux
140~1050~1078~0.0.0.0/2~Other
141~1058~1086~192.0.0.0/2~Mac
142~1067~1095~128.0.0.0/2~Windows
143~1077~1105~128.0.0.0/2~Linux
144~1084~1112~128.0.0.0/2~Windows
145~1089~1117~0.0.0.0/2~Linux
146~1096~1134~0.0.0.0/2~Linux
147~1104~1142~64.0.0.0/2~Windows
148~1113~1151~64.0.0.0/2~Linux
149~1118~1156~0.0.0.0/2~Mac
150~1128~1166~64.0.0.0/2~Windows
151~1138~1176~192.0.0.0/2~Linux
152~1145~1183~64.0.0.0/2~Windows
153~1152~1190~64.0.0.0/2~Linux
154~1158~1196~128.0.0.0/2~Mac
155~1164~1202~64.0.0.0/2~Mac
156~1171~1209~0.0.0.0/2~Linux
157~1178~1216~128.0.0.0/2~Mac
158~1184~1222~0.0.0.0/2~Linux
159~1191~1229~192.0.0.0/2~Windows
160~1200~1238~192.0.0.0/2~Other
161~1208~1246~128.0.0.0/2~Linux
162~1217~1255~0.0.0.0/2~Linux
163~1227~1265~64.0.0.0/2~Windows Phone
164~1232~1270~0.0.0.0/2~Windows
165~1240~1278~192.0.0.0/2~Android
166~1250~1288~64.0.0.0/2~Windows
167~1258~1296~192.0.0.0/2~Other
168~1267~1305~64.0.0.0/2~Windows
169~1274~1312~64.0.0.0/2~Linux
170~1281~1319~0.0.0.0/2~Linux
171~1289~1327~64.0.0.0/2~Linux
172~1294~1332~192.0.0.0/2~Windows
173~1304~1342~192.0.0.0/2~Windows
174~1311~1349~64.0.0.0/2~Android
175~1321~1359~64.0.0.0/2~Linux
176~1328~1366~128.0.0.0/2~Linux
177~1333~1371~128.0.0.0/2~Linux
178~1338~1376~64.0.0.0/2~Android
179~1346~1384~128.0.0.0/2~Linux
180~1353~1391~128.0.0.0/2~Windows
181~1362~1400~64.0.0.0/2~Windows Phone
182~1369~1407~64.0.0.0/2~Linux
183~1376~1414~192.0.0.0/2~Linux
184~1386~1424~192.0.0.0/2~Windows
185~1393~1431~128.0.0.0/2~Windows
186~1398~1436~192.0.0.0/2~Linux
187~1407~1445~192.0.0.0/2~Mac
188~1415~1453~0.0.0.0/2~Windows
189~1422~1460~128.0.0.0/2~Windows
190~1428~1466~64.0.0.0/2~Windows
191~1437~1475~64.0.0.0/2~Linux
192~1447~1485~64.0.0.0/2~Android
193~1453~1491~128.0.0.0/2~Other
194~1459~1497~64.0.0.0/2~Windows
195~1467~1505~64.0.0.0/2~Windows
196~1472~1510~0.0.0.0/2~Windows
197~1478~1516~64.0.0.0/2~Windows Phone
198~1488~1526~128.0.0.0/2~Windows
199~1495~1533~64.0.0.0/2~Linux
200~1505~1543~192.0.0.0/2~Windows
201~1510~1548~128.0.0.0/2~Windows
202~1516~1554~192.0.0.0/2~Other
203~1525~1563~0.0.0.0/2~Other
204~1535~1573~192.0.0.0/2~Other
205~1540~1578~0.0.0.0/2~Linux
206~1548~1586~192.0.0.0/2~Windows
207~1555~1593~0.0.0.0/2~Linux
208~1560~1598~64.0.0.0/2~Windows
209~1570~1608~128.0.0.0/2~Windows
210~1578~1616~64.0.0.0/2~Linux
211~1585~1623~64.0.0.0/2~Linux
212~1593~1640~64.0.0.0/2~Linux
213~1598~1645~128.0.0.0/2~Other
214~1606~1653~0.0.0.0/2~Mac
215~1615~1662~192.0.0.0/2~Windows
216~1625~1672~192.0.0.0/2~Linux
217~1632~1679~0.0.0.0/2~Windows
218~1637~1684~128.0.0.0/2~Linux
219~1644~1701~64.0.0.0/2~Windows
220~1652~1709~64.0.0.0/2~Windows
221~1657~1714~192.0.0.0/2~Windows
222~1666~1723~128.0.0.0/2~Linux
223~1676~1733~64.0.0.0/2~Mac
224~1682~1739~0.0.0.0/2~Windows
225~1692~1749~192.0.0.0/2~Mac
226~1699~1756~192.0.0.0/2~Linux
227~1705~1762~64.0.0.0/2~Windows
228~1710~1767~128.0.0.0/2~Windows Phone
229~1716~1773~0.0.0.0/2~Other
230~1723~1780~192.0.0.0/2~Mac
231~1731~1788~64.0.0.0/2~Mac
232~1739~1796~64.0.0.0/2~Mac
233~1744~1801~64.0.0.0/2~Linux
234~1750~1807~128.0.0.0/2~Other
235~1759~1816~0.0.0.0/2~Linux
236~1768~1825~64.0.0.0/2~Linux
237~1777~1834~64.0.0.0/2~Windows
238~1783~1848~192.0.0.0/2~Linux
239~1788~1853~0.0.0.0/2~Windows
240~1794~1859~0.0.0.0/2~Linux
241~1804~1869~0.0.0.0/2~Windows
242~1814~1879~64.0.0.0/2~Other
243~1820~1885~0.0.0.0/2~Linux
244~1825~1890~64.0.0.0/2~Mac
245~1833~1898~0.0.0.0/2~Windows
246~1839~1904~64.0.0.0/2~Windows
247~1845~1910~64.0.0.0/2~Windows Phone
248~1853~1918~64.0.0.0/2~Linux
249~1862~1927~192.0.0.0/2~Mac
250~1870~1935~0.0.0.0/2~Linux
251~1880~1945~192.0.0.0/2~Mac
252~1887~1952~0.0.0.0/2~Windows
253~1895~1960~128.0.0.0/2~Linux
254~1904~1969~0.0.0.0/2~Linux
255~1909~1974~64.0.0.0/2~Windows Phone
256~1918~1983~128.0.0.0/2~Windows
257~1927~1992~64.0.0.0/2~Windows
258~1934~1999~64.0.0.0/2~Linux
259~1942~2007~64.0.0.0/2~Android
260~1952~2017~192.0.0.0/2~Windows
261~1961~2026~128.0.0.0/2~Windows
262~1971~2036~64.0.0.0/2~Windows
263~1979~2044~64.0.0.0/2~Mac
264~1985~2050~192.0.0.0/2~Linux
265~1991~2056~128.0.0.0/2~Mac
266~1998~2063~128.0.0.0/2~Windows
267~2004~2069~0.0.0.0/2~Mac
268~2011~2076~64.0.0.0/2~Linux
269~2021~2086~128.0.0.0/2~Windows
270~2031~2096~64.0.0.0/2~Linux
271~2037~2102~128.0.0.0/2~Android
272~2046~2111~192.0.0.0/2~Linux
273~2056~2121~64.0.0.0/2~Windows
274~2066~2131~0.0.0.0/2~Android
275~2072~2137~128.0.0.0/2~Windows Phone
276~2077~2142~128.0.0.0/2~Linux
277~2083~2148~128.0.0.0/2~Windows Phone
278~2089~2154~0.0.0.0/2~Windows
279~2094~2159~128.0.0.0/2~Windows Phone
280~2104~2169~64.0.0.0/2~Windows
281~2110~2175~64.0.0.0/2~Linux
282~2116~2181~128.0.0.0/2~Windows
283~2124~2189~128.0.0.0/2~Windows
284~2130~2195~64.0.0.0/2~Windows
285~2135~2208~64.0.0.0/2~Linux
286~2143~2216~0.0.0.0/2~Linux
287~2152~2225~64.0.0.0/2~Windows
288~2157~2230~192.0.0.0/2~Windows
289~2164~2237~192.0.0.0/2~Windows
290~2172~2245~0.0.0.0/2~Android
291~2180~2253~128.0.0.0/2~Linux
292~2189~2262~0.0.0.0/2~Linux
293~2194~2273~192.0.0.0/2~Mac
294~2204~2283~192.0.0.0/2~Windows
295~2214~2293~0.0.0.0/2~Linux
296~2219~2298~0.0.0.0/2~Mac
297~2229~2308~0.0.0.0/2~Windows
298~2235~2314~192.0.0.0/2~Linux
299~2241~2320~128.0.0.0/2~Linux
300~2247~2326~192.0.0.0/2~Linux
301~2254~2333~0.0.0.0/2~Windows Phone
302~2264~2343~0.0.0.0/2~Other
303~2269~2348~128.0.0.0/2~Linux
304~2275~2354~192.0.0.0/2~Android
305~2282~2361~0.0.0.0/2~Mac
306~2290~2369~192.0.0.0/2~Linux
307~2299~2378~192.0.0.0/2~Mac
308~2306~2385~192.0.0.0/2~Linux
309~2313~2392~64.0.0.0/2~Windows
310~2321~2400~0.0.0.0/2~Linux
311~2328~2407~128.0.0.0/2~Mac
312~2335~2414~0.0.0.0/2~Windows
313~2345~2424~64.0.0.0/2~Mac
314~2352~2431~128.0.0.0/2~Mac
315~2360~2439~0.0.0.0/2~Linux
316~2366~2445~64.0.0.0/2~Mac
317~2374~2453~0.0.0.0/2~Windows
318~2383~2462~64.0.0.0/2~Windows
319~2391~2470~192.0.0.0/2~Windows
320~2397~2476~128.0.0.0/2~Linux
321~2404~2483~128.0.0.0/2~Linux
322~2412~2491~0.0.0.0/2~Linux
323~2421~2500~64.0.0.0/2~Windows
324~2430~2509~128.0.0.0/2~Mac
325~2440~2519~128.0.0.0/2~Linux
326~2450~2529~64.0.0.0/2~Mac
327~2455~2534~0.0.0.0/2~Windows
328~2465~2544~128.0.0.0/2~Mac
329~2473~2552~192.0.0.0/2~Linux
330~2478~2557~64.0.0.0/2~Windows
331~2485~2564~0.0.0.0/2~Linux
332~2491~2570~64.0.0.0/2~Windows
333~2498~2577~192.0.0.0/2~Windows
334~2508~2587~192.0.0.0/2~Linux
335~2513~2592~64.0.0.0/2~Linux
336~2518~2597~128.0.0.0/2~Mac
337~2527~2606~192.0.0.0/2~Mac
338~2532~2611~128.0.0.0/2~Mac
339~2540~2619~128.0.0.0/2~Windows Phone
340~2546~2625~128.0.0.0/2~Mac
341~2553~2632~192.0.0.0/2~Linux
342~2563~2642~192.0.0.0/2~Mac
343~2570~2649~0.0.0.0/2~Windows
344~2577~2656~64.0.0.0/2~Windows
345~2587~2666~64.0.0.0/2~Windows
346~2594~2673~64.0.0.0/2~Mac
347~2599~2678~192.0.0.0/2~Windows
348~2609~2688~64.0.0.0/2~Other
349~2619~2698~64.0.0.0/2~Linux
350~2627~2706~128.0.0.0/2~Mac
351~2635~2714~0.0.0.0/2~Windows
352~2642~2721~64.0.0.0/2~Android
353~2647~2726~64.0.0.0/2~Linux
354~2653~2732~64.0.0.0/2~Mac
355~2661~2740~128.0.0.0/2~Windows
356~2667~2746~192.0.0.0/2~Windows
357~2674~2753~64.0.0.0/2~Mac
358~2683~2762~192.0.0.0/2~Linux
359~2692~2771~128.0.0.0/2~Windows
360~2700~2779~0.0.0.0/2~Windows
361~2707~2786~128.0.0.0/2~Linux
362~2717~2796~192.0.0.0/2~Mac
363~2723~2802~192.0.0.0/2~Linux
364~2733~2812~128.0.0.0/2~Linux
365~2743~2822~0.0.0.0/2~Windows
366~2751~2840~64.0.0.0/2~Linux
367~2758~2847~64.0.0.0/2~Other
368~2767~2856~0.0.0.0/2~Other
369~2777~2866~192.0.0.0/2~Windows
370~2786~2875~192.0.0.0/2~Android
371~2792~2881~64.0.0.0/2~Windows
372~2799~2888~128.0.0.0/2~Android
373~2807~2896~0.0.0.0/2~Windows
374~2816~2905~192.0.0.0/2~Windows
375~2826~2915~192.0.0.0/2~Linux
376~2833~2922~64.0.0.0/2~Mac
377~2839~2928~128.0.0.0/2~Linux
378~2846~2935~128.0.0.0/2~Linux
379~2851~2940~128.0.0.0/2~Windows
380~2858~2947~64.0.0.0/2~Windows
381~2864~2953~0.0.0.0/2~Linux
382~2869~2958~0.0.0.0/2~Mac
383~2878~2967~0.0.0.0/2~Linux
384~2886~2975~64.0.0.0/2~Linux
385~2891~2980~64.0.0.0/2~Mac
386~2901~2990~0.0.0.0/2~Linux
387~2908~2997~64.0.0.0/2~Other
